"Brett Granstaff | Lara Jean Chorostecki | T.J. McGibbon | Diahann Carroll | Roddy Piper | James Preston Rogers | Mykel Shannon Jenkins | Patrick McKenna | Scott Nichol | Joan Gregson | Danielle Benton | Dwain Murphy | Rob deLeeuw | Jen Pogue | Alexis McDowell | "